0 3598 3
0 6049 3
0 6354 3
0 8818 3
0 12339 3
0 17497 2
0 17591 3
0 33569 3
0 41265 3
0 51298 2
0 54936 3
0 56496 3
0 58909 3
0 61933 3
0 81577 3
0 83059 3
0 87898 2
0 97256 2
0 98039 3
0 98600 3
0 112807 3
0 127705 3
0 128046 3
0 151678 3
0 153919 3
0 155926 3
0 157492 2
0 159548 2
0 159734 3
0 162808 3
0 165362 2
0 167112 3
0 178311 3
0 184282 3
0 184629 3
1 172 3
1 14562 3
1 18497 3
1 20734 3
1 26969 3
1 30974 3
1 41683 3
1 45868 2
1 47055 3
1 50910 3
1 70441 3
1 89060 3
1 107062 2
1 115975 3
1 119726 3
1 120385 3
1 121894 3
1 124336 3
1 133243 3
1 138733 3
1 143548 3
1 154104 3
1 156816 3
1 164515 3
1 168794 3
1 185151 3
1 189964 3
1 190779 3
2 4366 3
2 7752 3
2 7950 3
2 11705 3
2 29129 2
2 33974 3
2 37421 3
2 46134 2
2 48133 3
2 48744 3
2 50805 3
2 52359 3
2 59573 2
2 66966 3
2 67158 3
2 70408 3
2 75510 3
2 76653 3
2 79543 3
2 80915 3
2 99764 3
2 101974 3
2 112823 3
2 115431 3
2 120689 3
2 132635 3
2 134397 3
2 138617 1
2 152980 3
2 156306 3
2 168083 2
2 169974 2
2 183487 3
2 186051 3
2 193554 1
2 198745 3
2 199741 3
3 20028 3
3 57062 3
3 61300 3
3 61855 2
3 72418 3
3 102043 3
3 109399 3
3 113615 2
3 126575 3
3 127979 3
3 131357 3
3 134898 3
3 142517 3
3 150410 3
3 154010 3
3 156019 3
3 159634 3
3 160278 3
3 180098 3
3 184561 3
3 189459 3
3 195971 3
4 1110 3
4 15779 2
4 30912 3
4 37081 2
4 49989 3
4 82074 3
4 90901 3
4 95506 3
4 107406 3
4 109108 3
4 109214 3
4 116243 3
4 117425 3
4 122280 3
4 123346 3
4 127136 2
4 127270 2
4 137847 3
4 146143 3
4 149064 3
4 152017 3
4 166049 3
4 169492 3
4 182281 3
4 195283 3
4 195685 3
5 4616 3
5 14641 2
5 15131 3
5 27579 3
5 31791 3
5 59169 3
5 69944 2
5 74400 3
5 87253 3
5 90642 3
5 92649 3
5 93865 3
5 94568 3
5 114011 3
5 120404 3
5 128431 3
5 134157 3
5 138434 3
5 157456 3
5 158157 3
5 159230 3
5 161607 3
5 166760 2
5 178458 3
5 195837 3
6 8711 3
6 24218 3
6 29936 1
6 32863 3
6 45411 3
6 54423 3
6 75532 3
6 78746 3
6 79085 3
6 91453 3
6 93322 3
6 95120 3
6 100274 2
6 103748 3
6 120467 3
6 127631 3
6 171988 3
6 182100 3
6 182972 3
6 184024 2
6 184632 3
6 192137 3
7 8458 2
7 14987 3
7 26561 3
7 28653 3
7 31592 3
7 36685 2
7 38321 1
7 62765 3
7 71867 3
7 77037 3
7 86482 3
7 94390 3
7 109615 2
7 110503 3
7 112383 3
7 117241 3
7 128265 3
7 130719 3
7 138060 3
7 138552 3
7 141377 2
7 145878 2
7 154184 3
7 155089 3
7 174848 3
7 176248 3
7 181469 3
7 198721 3
7 199863 3
8 852 2
8 22161 3
8 27781 3
8 34666 3
8 47055 3
8 47410 3
8 47859 3
8 63502 2
8 67342 3
8 75581 3
8 79808 3
8 82739 1
8 91930 3
8 101176 3
8 105994 2
8 107747 3
8 108572 3
8 109451 3
8 119528 3
8 125846 3
8 134863 3
8 147336 3
8 169030 3
8 173456 3
8 178035 3
8 178792 3
9 6625 3
9 7073 3
9 11654 3
9 12423 3
9 14347 3
9 17503 3
9 22062 3
9 41095 3
9 57230 3
9 58015 3
9 71186 3
9 74229 3
9 84727 3
9 85996 3
9 95246 2
9 96265 3
9 132001 3
9 145094 2
9 145701 3
9 152873 3
9 158075 2
9 159009 3
9 169842 3
9 172870 3
9 181839 3
9 185432 3
9 187621 3
9 190350 3
9 191346 3
10 1668 3
10 5688 3
10 5839 3
10 11265 3
10 16365 3
10 24732 3
10 29605 2
10 44767 2
10 45665 3
10 49763 3
10 60126 3
10 65195 3
10 66923 3
10 74811 3
10 88545 3
10 96802 3
10 96825 3
10 118601 2
10 119810 3
10 131197 3
10 138966 2
10 153225 3
10 187225 3
10 197842 2
11 739 3
11 8425 3
11 20127 3
11 22736 3
11 25296 3
11 28253 3
11 60161 3
11 65894 3
11 66268 3
11 66671 2
11 75369 2
11 78098 3
11 85141 2
11 85887 3
11 90677 3
11 95037 3
11 99295 3
11 110120 3
11 122779 3
11 135514 3
11 141502 2
11 142009 3
11 147744 2
11 152317 3
11 154450 3
11 154691 3
11 165340 3
11 177957 2
11 193331 3
11 198421 3
12 3991 3
12 21650 3
12 30244 3
12 37507 3
12 40346 3
12 46812 3
12 53328 3
12 56579 3
12 57327 3
12 64889 3
12 76156 3
12 77378 3
12 84369 3
12 132861 3
12 151583 3
12 155761 2
12 156888 3
12 166652 3
12 167566 3
12 170818 1
12 173377 3
12 176953 1
12 184461 3
12 194311 3
12 195111 3
13 8699 3
13 14700 3
13 47272 3
13 48712 3
13 52770 3
13 57953 3
13 62722 3
13 69704 3
13 126797 3
13 132963 3
13 135758 3
13 141928 3
13 156840 3
13 159347 3
13 164934 3
13 169782 3
13 187221 3
13 194163 3
13 199761 3
14 4665 2
14 6385 3
14 18258 2
14 19407 3
14 26586 3
14 27032 3
14 33359 3
14 37059 3
14 37314 3
14 50318 3
14 51679 3
14 60635 3
14 61543 3
14 85932 3
14 90698 3
14 91913 3
14 92900 3
14 92976 3
14 126223 2
14 135304 3
14 141021 3
14 148811 2
14 170080 3
14 173599 3
14 175545 3
14 191619 3
14 195574 3
15 12425 3
15 24094 3
15 33132 3
15 34779 3
15 37093 3
15 39788 2
15 42689 3
15 44129 3
15 50628 2
15 51737 3
15 53155 3
15 63725 3
15 67584 3
15 69658 3
15 80682 3
15 81269 2
15 90012 3
15 93269 3
15 97727 3
15 108451 3
15 117861 3
15 121079 3
15 123721 3
15 134736 1
15 170007 3
15 174514 3
15 176852 2
15 179957 3
15 182537 3
15 190065 2
16 32024 3
16 33096 3
16 33215 3
16 34249 3
16 35466 3
16 36862 3
16 50568 3
16 54003 3
16 60097 3
16 64971 3
16 70836 3
16 85877 3
16 89571 3
16 90883 3
16 96838 3
16 120228 3
16 121884 3
16 135716 3
16 142994 3
16 145163 3
16 165207 3
16 165259 3
16 173582 3
16 199057 3
17 1655 3
17 6010 3
17 15200 2
17 22952 3
17 31579 3
17 34875 2
17 36590 3
17 37400 3
17 41743 3
17 44348 3
17 55952 3
17 62660 3
17 74320 3
17 79023 2
17 79223 3
17 79775 2
17 81936 3
17 88145 3
17 91101 1
17 98284 3
17 110334 3
17 112149 3
17 114112 3
17 119929 3
17 123353 3
17 129261 3
17 131271 3
17 149150 2
17 149281 3
17 157542 3
17 163453 3
17 167531 3
17 176856 2
17 177013 3
17 181639 3
17 183948 2
17 195492 3
18 9427 2
18 11635 3
18 15597 3
18 33601 3
18 36263 3
18 44597 3
18 46529 3
18 49345 3
18 58350 3
18 60737 3
18 75092 3
18 78340 3
18 91078 2
18 101714 3
18 106525 2
18 108721 3
18 110136 3
18 116589 3
18 120792 3
18 134005 2
18 167400 3
18 171517 3
18 177306 3
18 192920 3
19 10056 3
19 16214 3
19 16808 3
19 20569 3
19 21935 3
19 24115 3
19 35837 3
19 52713 3
19 55880 2
19 57211 3
19 67500 3
19 69827 3
19 78003 2
19 88847 3
19 97233 3
19 116576 3
19 116841 3
19 117013 3
19 117815 2
19 123204 3
19 129777 3
19 133358 3
19 143166 3
19 171076 3
19 173769 3
19 175096 3
19 175823 3
19 186154 3
19 197420 2
20 435 2
20 6705 3
20 29937 3
20 40122 3
20 79778 3
20 91780 3
20 115236 3
20 118229 3
20 120435 3
20 128038 3
20 133498 3
20 134828 3
20 144937 3
20 154871 3
20 172247 3
20 177813 3
20 178621 2
20 183624 3
20 197596 3
20 198532 3
21 467 3
21 6842 3
21 9788 2
21 10137 3
21 10800 3
21 11147 2
21 16293 2
21 18601 3
21 34056 3
21 36548 3
21 43877 3
21 53215 3
21 54670 3
21 60307 3
21 65635 3
21 68706 3
21 68938 3
21 96635 2
21 99590 3
21 103086 3
21 103549 2
21 105689 3
21 110505 3
21 117439 3
21 122513 3
21 130229 3
21 133485 2
21 164738 3
21 167510 3
21 179714 2
21 181294 3
21 194146 3
22 6792 3
22 10735 1
22 16368 3
22 22582 3
22 24161 3
22 35698 3
22 39496 3
22 54461 3
22 60481 3
22 61033 3
22 70290 3
22 73703 3
22 76416 3
22 79222 2
22 84853 3
22 86237 3
22 99569 3
22 128586 3
22 130898 3
22 136023 3
22 141638 3
22 153528 3
22 157171 3
22 158888 3
22 164075 3
22 174592 3
22 174910 3
22 186600 3
22 199036 3
23 7048 3
23 9054 3
23 9381 3
23 11794 3
23 15901 3
23 31146 2
23 39357 3
23 49108 3
23 53333 3
23 54414 3
23 55795 3
23 59384 3
23 64246 3
23 65346 3
23 68887 3
23 80463 3
23 83953 3
23 84061 3
23 88844 3
23 94104 3
23 97027 2
23 98002 3
23 100949 3
23 102146 3
23 103193 2
23 112993 3
23 118915 3
23 119168 3
23 122043 3
23 126589 3
23 128621 3
23 140834 2
23 146388 3
23 156123 3
23 167580 3
23 168976 3
23 174349 3
23 195605 3
23 197343 3
24 3851 3
24 21787 1
24 37563 3
24 38623 3
24 43955 3
24 53030 3
24 55209 3
24 58845 3
24 62869 3
24 79705 3
24 80331 3
24 88877 3
24 89069 3
24 90667 3
24 90939 3
24 92368 3
24 95549 2
24 116622 3
24 124335 3
24 127956 3
24 133590 2
24 139924 2
24 149584 3
24 149789 3
24 150699 3
24 151864 2
24 152675 3
24 168680 2
24 169375 2
24 173301 3
24 174792 3
24 177747 3
24 184344 3
24 194049 3
24 194186 2
24 196070 3
25 3802 3
25 10336 3
25 10599 3
25 31180 3
25 36353 3
25 40343 3
25 41379 3
25 44163 3
25 46402 3
25 48218 3
25 51073 3
25 56717 3
25 74106 3
25 81910 3
25 99933 3
25 105925 3
25 107740 2
25 111185 3
25 112763 3
25 114600 3
25 122116 3
25 130045 3
25 148654 3
25 150139 3
25 151346 3
25 169735 3
25 175854 2
25 195595 3
25 196337 2
25 198939 3
26 2572 3
26 14290 3
26 19068 3
26 26224 3
26 26908 3
26 29073 3
26 37610 3
26 47743 3
26 48527 3
26 50852 3
26 61962 3
26 62714 3
26 63314 3
26 64484 3
26 79219 3
26 81540 3
26 81917 3
26 91483 3
26 99394 2
26 101857 3
26 109445 2
26 111931 3
26 122301 3
26 127709 3
26 135631 3
26 135801 3
26 137516 3
26 138632 3
26 138975 3
26 149334 3
26 150248 3
26 154438 3
26 161023 3
26 161147 3
26 163766 3
26 169085 3
26 174176 3
26 175979 3
26 179643 3
26 187022 3
26 191586 3
26 195819 3
27 7179 3
27 18225 3
27 59364 3
27 62337 3
27 67264 3
27 76129 2
27 80273 3
27 81301 3
27 82208 3
27 82458 3
27 82729 3
27 87024 3
27 88492 3
27 92007 3
27 96026 3
27 103940 2
27 107350 3
27 112530 3
27 137912 3
27 140043 3
27 140953 3
27 148585 3
27 151181 3
27 157560 3
27 159934 3
27 161426 3
27 162996 2
27 168056 3
27 173782 2
27 177019 3
27 188571 3
27 189970 3
27 193779 3
27 194274 3
27 195570 3
27 199697 3
28 30336 3
28 32644 3
28 41544 3
28 48477 1
28 51898 3
28 57802 3
28 62335 2
28 68204 3
28 84854 3
28 104519 3
28 128628 3
28 131469 3
28 142974 3
28 149986 3
28 159996 3
28 159997 3
28 174249 3
28 179660 3
28 181741 3
28 193442 3
28 195555 3
29 28662 3
29 38177 3
29 41235 2
29 43737 3
29 46938 2
29 53580 3
29 60936 2
29 67863 2
29 67986 3
29 72919 3
29 79532 3
29 81832 3
29 93278 3
29 112082 3
29 112367 3
29 125397 3
29 125610 3
29 125811 3
29 145290 3
29 151567 3
29 160415 3
29 164335 3
30 1222 3
30 5696 3
30 6923 3
30 14852 3
30 26546 2
30 29775 3
30 30597 3
30 43034 3
30 47955 3
30 50688 3
30 66572 3
30 70636 3
30 70807 3
30 82586 3
30 89038 3
30 94342 3
30 97952 3
30 105988 3
30 116189 3
30 124290 3
30 129047 3
30 130718 3
30 142024 3
30 153640 3
30 164370 3
30 165695 3
30 176798 2
30 183927 3
30 194672 2
30 195397 3
31 8998 3
31 21663 3
31 25768 3
31 32806 3
31 33822 3
31 35963 3
31 51188 3
31 51410 3
31 57813 3
31 66230 3
31 82620 3
31 85544 3
31 89546 3
31 108793 3
31 122064 1
31 134902 3
31 135175 3
31 135869 3
31 138999 3
31 141208 3
31 143011 3
31 143528 3
31 144462 3
31 145795 3
31 146780 2
31 152165 2
31 156286 3
31 164702 3
31 170679 3
31 189339 3
31 196538 3
31 199794 2
32 673 3
32 8901 3
32 8960 3
32 10766 3
32 14539 3
32 24590 3
32 41251 3
32 43772 2
32 55542 3
32 56620 3
32 77134 3
32 80402 3
32 95213 3
32 108798 3
32 117004 3
32 121400 3
32 124955 3
32 130867 3
32 131645 3
32 134624 2
32 154012 3
32 154174 3
32 155006 3
32 157065 3
32 158937 3
32 159470 3
32 162170 3
32 186059 2
32 198746 2
32 199214 3
33 12002 3
33 14733 2
33 15240 3
33 22513 2
33 27296 3
33 29685 2
33 30761 3
33 39041 3
33 46568 3
33 46753 3
33 47761 3
33 52025 3
33 52443 3
33 58860 2
33 60248 3
33 68644 3
33 70067 3
33 73657 3
33 75793 3
33 92080 3
33 101516 3
33 106381 3
33 114057 3
33 119211 3
33 120497 3
33 134226 3
33 136040 3
33 143196 3
33 149038 3
33 153642 3
33 155850 3
33 161811 2
33 163427 3
33 166537 3
33 170481 3
33 173314 3
33 176864 3
33 193374 3
34 7114 3
34 18941 3
34 27337 3
34 27486 3
34 44738 3
34 54573 3
34 66802 3
34 78168 3
34 86885 3
34 93112 3
34 110305 3
34 114046 2
34 116487 3
34 120956 3
34 129354 3
34 130842 3
34 131948 1
34 134966 3
34 137363 3
34 142310 2
34 143866 3
34 147191 3
34 156942 3
34 170605 3
34 171744 3
34 172462 2
34 173298 3
34 174124 3
34 175296 3
34 186492 3
34 192939 3
34 193159 3
35 6878 3
35 7268 3
35 7858 3
35 27297 3
35 29405 3
35 33385 3
35 33553 3
35 36861 3
35 45125 2
35 45428 3
35 48511 3
35 48703 3
35 49165 3
35 55381 3
35 59480 3
35 61509 3
35 65853 3
35 68800 3
35 71626 3
35 74899 3
35 81221 3
35 94564 3
35 96219 2
35 127453 2
35 127985 3
35 130473 3
35 137125 3
35 140971 3
35 145202 3
35 145955 3
35 156869 3
35 156877 3
35 158909 2
35 175739 3
35 195168 3
35 196164 3
35 196646 3
35 198356 3
36 4644 3
36 28679 3
36 36002 3
36 47500 3
36 50472 3
36 67009 2
36 78886 2
36 100823 3
36 109407 2
36 113403 3
36 118252 3
36 124369 3
36 128462 3
36 146008 3
36 154179 3
36 154983 2
36 158547 3
36 159225 3
36 162149 3
36 163464 3
36 164878 3
36 167368 3
36 178154 3
36 189892 3
36 195695 3
37 10513 3
37 23335 3
37 24393 3
37 27682 3
37 35175 2
37 59217 3
37 60406 3
37 69842 3
37 77529 3
37 79263 3
37 92729 3
37 100348 3
37 105638 2
37 115464 3
37 118577 3
37 120805 3
37 120856 3
37 121995 3
37 125208 3
37 126465 3
37 128438 3
37 129010 3
37 134816 3
37 135067 3
37 137508 3
37 142596 3
37 153977 3
37 160969 3
37 161762 3
37 162980 3
37 163411 3
37 164305 3
37 175353 3
37 176444 3
37 188211 3
38 2423 3
38 4138 3
38 13800 3
38 15977 3
38 20503 3
38 21797 3
38 22350 3
38 28374 3
38 44939 3
38 62931 3
38 80193 3
38 88702 2
38 92013 3
38 105220 3
38 105234 3
38 107499 3
38 117642 2
38 122315 3
38 128166 3
38 138289 2
38 145058 3
38 150026 3
38 150314 3
38 160549 3
38 170130 3
38 182908 3
39 11323 3
39 24963 3
39 36399 2
39 41880 3
39 52402 3
39 59347 3
39 62984 3
39 68499 3
39 93235 3
39 99063 3
39 110665 3
39 118067 3
39 122549 2
39 127624 3
39 128305 2
39 130281 3
39 134299 3
39 140392 3
39 144949 2
39 159560 3
39 164085 3
39 177051 3
39 186853 3
39 196855 3
40 1310 3
40 7742 3
40 13918 3
40 15445 3
40 28726 3
40 31736 2
40 47612 3
40 48478 3
40 51606 2
40 70906 3
40 80045 3
40 81897 3
40 86736 3
40 89753 3
40 93169 3
40 102413 3
40 108482 3
40 118246 3
40 118319 3
40 118466 3
40 137213 3
40 140705 3
40 157917 3
40 166362 3
41 1090 3
41 13953 3
41 20009 1
41 28116 2
41 29347 2
41 33307 3
41 39346 3
41 43410 3
41 44089 3
41 52345 2
41 60137 3
41 66272 1
41 75397 3
41 81277 3
41 83664 3
41 88268 3
41 113296 1
41 119805 3
41 132662 2
41 135378 3
41 138462 3
41 154876 3
41 157051 3
41 162412 3
41 164322 3
41 180327 3
41 189722 3
41 199152 3
42 4303 3
42 8910 3
42 9687 3
42 20245 3
42 22951 3
42 24422 3
42 33857 3
42 36942 3
42 43182 3
42 44354 1
42 53419 2
42 57089 3
42 60337 3
42 95519 3
42 100114 3
42 105548 3
42 121518 3
42 138675 3
42 140559 3
42 149809 3
42 158798 3
42 159610 3
42 181254 3
42 182305 3
42 184353 3
42 184769 3
42 197849 3
43 8221 3
43 8601 3
43 15912 3
43 22478 3
43 25313 3
43 45188 3
43 50880 3
43 60175 3
43 65466 3
43 72647 3
43 76754 3
43 80171 3
43 89748 3
43 105230 3
43 108016 3
43 115901 3
43 129724 3
43 134343 3
43 139293 3
43 141252 3
43 142617 2
43 150901 3
43 154038 3
43 185146 3
43 199781 3
44 12170 3
44 14081 3
44 24556 3
44 27935 3
44 32924 3
44 33038 3
44 43244 3
44 43390 3
44 55033 3
44 66338 3
44 78975 2
44 83148 3
44 90036 3
44 95960 2
44 98056 3
44 102842 3
44 105373 3
44 114953 3
44 135216 3
44 141980 3
44 150570 3
44 159007 3
44 161078 3
44 163626 3
44 175930 3
44 177105 3
44 184778 2
44 188841 2
44 191778 3
44 198613 3
45 1509 3
45 7906 2
45 10041 3
45 18739 3
45 26213 2
45 50051 3
45 55761 3
45 57314 3
45 58250 3
45 59454 3
45 80253 3
45 95028 3
45 105877 3
45 110474 3
45 116985 3
45 133333 3
45 144211 3
45 148097 3
45 148962 3
45 150220 3
45 152233 3
45 152536 2
45 153998 3
45 190085 3
45 193161 3
45 196995 3
46 4147 3
46 4353 2
46 6282 2
46 18265 3
46 34578 3
46 56443 3
46 56584 3
46 65924 3
46 68999 3
46 80571 3
46 85717 3
46 87200 2
46 98273 3
46 98941 2
46 103867 3
46 104438 3
46 110462 3
46 117170 3
46 124108 3
46 124768 3
46 130002 3
46 151259 3
46 155265 3
46 166036 3
46 168384 3
46 172624 3
46 179793 3
46 194743 3
46 196158 3
46 197574 3
46 199115 3
47 7441 3
47 8931 3
47 28375 3
47 31211 3
47 40020 3
47 43659 2
47 47172 3
47 53715 3
47 55328 3
47 64692 3
47 68559 3
47 70157 3
47 70402 3
47 76009 3
47 90147 3
47 92249 3
47 93532 3
47 93631 3
47 113613 2
47 136643 3
47 147488 2
47 150425 3
47 156457 3
47 156646 3
47 167227 3
47 167534 3
47 194598 2
48 10241 3
48 11162 2
48 11478 3
48 14694 3
48 19329 3
48 20267 2
48 26698 3
48 43473 3
48 50303 3
48 64505 3
48 77707 3
48 101473 3
48 102757 3
48 103518 3
48 108272 3
48 112139 2
48 114437 3
48 116477 3
48 123070 3
48 124587 3
48 125425 3
48 133708 3
48 134511 3
48 140232 3
48 140845 3
48 144044 3
48 153768 3
48 161180 3
48 161643 2
48 167775 3
48 170922 3
48 172341 3
48 174587 3
48 182250 3
48 182602 3
48 183872 2
48 186120 3
48 186533 3
48 194701 3
48 198540 3
49 5454 3
49 26788 3
49 36104 3
49 44182 3
49 45830 3
49 48453 3
49 53825 3
49 75005 3
49 83904 3
49 98620 3
49 120484 3
49 122014 3
49 122546 3
49 127078 2
49 132214 3
49 148131 3
49 149423 3
49 155722 3
49 162704 3
49 178607 3
49 191949 3
49 192513 3
50 2826 3
50 22426 2
50 27422 3
50 28022 3
50 28943 3
50 31029 3
50 36934 3
50 39016 3
50 44885 3
50 48337 3
50 57770 3
50 62002 3
50 67229 3
50 70568 3
50 72020 3
50 72345 3
50 74004 2
50 77158 3
50 80024 3
50 81433 3
50 88871 3
50 93340 2
50 135073 3
50 136334 3
50 153882 3
50 162639 3
50 163554 3
50 179490 3
50 180764 3
50 191375 3
50 191510 3
50 191697 3
50 195126 2
50 199465 3
51 7608 3
51 17107 3
51 17357 3
51 19887 2
51 25505 3
51 32794 3
51 35141 3
51 50051 3
51 52017 3
51 55811 3
51 57786 3
51 60190 3
51 62657 3
51 63127 3
51 65532 2
51 76575 3
51 81123 2
51 84031 3
51 85963 3
51 100920 3
51 128596 2
51 137929 3
51 138735 3
51 148646 3
51 157374 3
51 162132 2
51 165444 3
51 165889 3
51 179500 3
51 187218 3
52 3825 3
52 11697 3
52 13949 3
52 16763 3
52 18493 2
52 20462 3
52 32492 3
52 33842 3
52 90259 2
52 96067 3
52 96087 2
52 106996 1
52 129301 3
52 129866 3
52 135122 3
52 138178 3
52 147440 3
52 150260 3
52 151000 3
52 155669 3
52 157442 3
52 157506 3
52 163338 3
52 164251 3
52 174306 3
52 176918 3
52 185001 3
52 192283 3
52 194626 3
53 12838 3
53 14873 3
53 19113 3
53 24953 3
53 27057 3
53 42036 3
53 49696 2
53 51606 3
53 55738 2
53 95149 3
53 101300 3
53 104614 3
53 107181 3
53 125867 3
53 150296 3
53 156361 3
53 156630 3
53 157117 3
53 169077 3
53 183697 3
53 199806 3
54 734 3
54 2521 3
54 3592 3
54 38081 3
54 46397 3
54 49920 3
54 58920 3
54 60214 3
54 64758 3
54 65561 3
54 66564 3
54 70072 3
54 73936 3
54 74587 2
54 77615 2
54 78004 3
54 82041 3
54 82051 3
54 89551 3
54 106577 3
54 108058 3
54 108104 3
54 109029 3
54 117969 2
54 128184 3
54 130111 3
54 131053 2
54 137542 3
54 145348 3
54 149248 3
54 161409 3
54 175126 3
54 178175 3
54 180986 3
54 189571 3
55 8777 3
55 19038 3
55 25758 3
55 34474 3
55 63013 3
55 67660 3
55 74084 3
55 78545 3
55 84165 3
55 86656 3
55 100766 3
55 103343 3
55 104462 3
55 108123 3
55 108598 2
55 110220 3
55 113790 3
55 128512 3
55 146498 3
55 150045 3
55 152499 3
55 175860 3
55 177634 2
55 178041 3
55 180510 3
56 4866 3
56 17707 3
56 20934 3
56 30671 2
56 51985 3
56 58303 3
56 58702 3
56 70816 3
56 104532 3
56 111242 1
56 118156 3
56 126074 3
56 135670 2
56 135776 3
56 141698 3
56 160249 3
56 163377 3
56 177998 3
56 182976 3
57 10300 3
57 11528 3
57 18617 3
57 26265 3
57 26385 3
57 43625 3
57 51413 3
57 51971 3
57 66631 3
57 73743 2
57 76730 3
57 83665 3
57 88218 3
57 92657 2
57 93980 3
57 99203 3
57 102671 3
57 105055 3
57 108606 3
57 108802 3
57 120074 3
57 123315 3
57 132339 3
57 133041 3
57 137525 3
57 145295 3
57 148575 3
57 158419 3
57 180365 3
57 183531 3
57 186593 3
57 192435 2
57 195909 3
57 197891 3
57 198942 3
57 199842 3
58 3627 3
58 5860 3
58 5946 3
58 6371 3
58 10841 3
58 20574 3
58 26123 3
58 49519 3
58 59961 3
58 72207 3
58 75584 3
58 75717 3
58 77016 3
58 78808 3
58 81004 3
58 122506 3
58 136086 2
58 136380 3
58 139779 2
58 151339 3
58 164731 3
58 168333 3
58 169481 3
58 175055 3
58 177530 3
58 185036 3
58 185289 3
58 199028 3
59 1154 3
59 3093 3
59 8806 3
59 10330 3
59 16076 3
59 23712 3
59 34274 3
59 37724 1
59 39431 3
59 41982 3
59 47455 3
59 59100 3
59 75076 3
59 79859 3
59 80296 3
59 81546 3
59 84254 2
59 94639 3
59 98524 3
59 100330 2
59 102722 3
59 104816 3
59 115379 3
59 121459 3
59 125178 3
59 138879 3
59 146655 3
59 148562 3
59 177087 3
59 180606 3
59 182443 2
59 182679 3
60 4432 3
60 9573 3
60 10597 2
60 14275 3
60 29731 2
60 29949 3
60 42581 3
60 43967 3
60 76227 3
60 90497 3
60 97952 2
60 101782 3
60 105376 3
60 126919 3
60 137083 3
60 138851 3
60 148161 3
60 148800 3
60 149243 3
60 152481 3
60 156621 3
60 165919 3
60 178142 3
60 186661 3
61 14973 3
61 21874 3
61 44228 3
61 44995 3
61 46137 2
61 49024 3
61 51925 3
61 54495 3
61 58204 3
61 61230 3
61 64099 3
61 68541 3
61 91202 3
61 98844 3
61 99772 3
61 100799 3
61 106045 3
61 108521 3
61 113802 3
61 123531 3
61 124037 3
61 135002 3
61 141351 2
61 141602 3
61 142819 3
61 143682 3
61 154197 3
61 160510 2
61 164685 3
61 181485 2
61 187097 3
61 197865 3
62 10775 3
62 18583 3
62 25670 3
62 31997 3
62 34882 3
62 50121 3
62 67454 3
62 81837 3
62 86981 3
62 88024 2
62 101224 3
62 101428 3
62 109568 3
62 122924 3
62 131447 3
62 137252 3
62 145177 3
62 146656 3
62 151093 3
62 171520 2
62 177407 2
62 184285 3
62 187595 3
62 188052 3
62 198964 3
63 3822 3
63 18579 3
63 37856 2
63 38557 3
63 39377 3
63 43874 3
63 43990 3
63 53636 3
63 54446 2
63 56684 3
63 57593 2
63 60021 3
63 61772 2
63 63767 3
63 71088 3
63 84709 3
63 85770 3
63 111039 2
63 124661 3
63 125975 2
63 127816 3
63 127996 3
63 128230 3
63 132618 2
63 134211 3
63 144229 3
63 158373 3
63 178929 3
63 182242 3
63 184455 3
64 3658 3
64 16039 3
64 16865 3
64 17055 3
64 17800 3
64 18850 3
64 21903 3
64 36174 3
64 49380 2
64 61053 3
64 67924 3
64 74521 3
64 78848 3
64 85613 3
64 87124 3
64 102417 3
64 103005 3
64 107536 2
64 109878 3
64 119861 3
64 122541 3
64 131314 2
64 138447 3
64 139880 3
64 142110 3
64 143330 3
64 147240 3
64 149500 3
64 156944 3
64 164461 3
64 181025 3
64 181609 3
64 184484 3
64 187003 3
64 192323 3
64 194047 3
65 2680 3
65 4439 3
65 5541 3
65 5739 3
65 13882 3
65 16560 3
65 35031 3
65 37841 3
65 40044 3
65 48505 3
65 55723 2
65 57178 2
65 65877 3
65 71836 3
65 75334 3
65 78883 3
65 94053 2
65 101506 3
65 101967 3
65 110186 2
65 119540 3
65 126046 3
65 127745 3
65 140458 3
65 153344 3
65 153510 3
65 165349 1
65 174113 3
65 175598 3
65 178667 3
65 179149 3
65 179657 2
65 192350 3
65 193224 3
66 1287 3
66 15648 3
66 16043 3
66 20719 3
66 31731 3
66 53031 3
66 54916 3
66 61823 3
66 66999 3
66 72745 3
66 76493 3
66 111464 3
66 115475 3
66 123056 3
66 135682 3
66 144309 3
66 152852 3
66 157107 3
66 158839 3
66 159504 3
66 181897 3
67 20198 3
67 27736 3
67 35427 3
67 36646 3
67 40657 2
67 56324 3
67 76787 1
67 89001 3
67 90290 3
67 97335 3
67 97758 3
67 124356 3
67 135566 2
67 143143 2
67 143208 3
67 148028 3
67 158528 3
67 169745 3
67 180949 3
67 189515 3
67 190103 3
68 16269 3
68 24444 3
68 24690 2
68 25005 2
68 26024 3
68 41169 3
68 54598 3
68 63222 3
68 63894 3
68 77039 3
68 88352 3
68 90466 3
68 96129 3
68 117583 3
68 121748 3
68 122053 3
68 129698 3
68 135071 3
68 148327 3
68 148509 3
68 148808 3
68 159958 3
68 164293 3
68 164768 3
68 170770 3
68 173875 3
68 180141 3
68 193353 3
69 1293 3
69 5796 3
69 8527 3
69 8701 3
69 19529 3
69 21909 3
69 25420 3
69 28076 3
69 38749 3
69 39384 3
69 46984 3
69 52307 3
69 52492 3
69 56393 3
69 79552 2
69 79977 3
69 80390 3
69 93087 2
69 95487 2
69 105317 3
69 108772 3
69 112863 3
69 115033 3
69 123011 3
69 129514 3
69 137962 3
69 157329 2
69 174049 3
69 177704 3
70 5320 3
70 15511 2
70 50368 3
70 54074 3
70 57297 2
70 69779 3
70 74096 3
70 77632 3
70 84333 3
70 94229 3
70 95851 2
70 98042 2
70 104886 3
70 107203 2
70 107260 3
70 122418 3
70 131527 3
70 162384 3
70 166847 3
70 173150 3
70 179295 2
70 180830 3
70 193100 3
71 2456 3
71 8120 3
71 8534 3
71 22576 3
71 28532 3
71 46934 3
71 49823 3
71 56139 3
71 66029 3
71 72743 3
71 88777 1
71 99965 2
71 101097 3
71 102697 2
71 105433 3
71 118593 3
71 134021 3
71 136226 3
71 136791 3
71 145508 3
71 149059 3
71 153524 3
71 161379 2
71 163889 2
71 165887 3
71 189880 2
71 194287 3
71 197422 3
72 20160 2
72 60082 3
72 67940 3
72 82421 3
72 82900 3
72 86457 3
72 89008 3
72 89072 3
72 98824 3
72 113146 3
72 114815 1
72 127999 3
72 129044 2
72 141628 3
72 143338 3
72 152609 3
72 160205 3
72 165346 2
72 172138 3
72 174458 3
72 174745 3
72 189493 3
72 199208 3
72 199689 3
73 2589 2
73 2721 3
73 4946 2
73 4956 3
73 6537 3
73 11994 2
73 21153 3
73 26722 3
73 28867 3
73 36326 3
73 42682 3
73 48207 3
73 58517 3
73 58999 2
73 62066 3
73 67630 3
73 72117 3
73 75147 2
73 80490 3
73 90753 3
73 91412 3
73 118213 3
73 118946 3
73 123885 3
73 125281 3
73 128394 3
73 133234 3
73 152067 3
73 163272 3
73 167547 3
73 167868 3
73 182479 3
73 197840 3
74 2254 3
74 12945 3
74 23987 3
74 24153 3
74 29666 3
74 32378 3
74 37375 2
74 41715 3
74 44889 3
74 49665 3
74 60665 3
74 80126 3
74 84006 3
74 91567 3
74 92828 3
74 96298 3
74 99210 3
74 108503 3
74 108898 3
74 111828 3
74 113646 3
74 140592 2
74 158679 3
74 175054 3
74 179355 3
74 182943 3
74 190637 3
74 192821 3
74 194015 2
75 62126 3
75 62294 3
75 66579 3
75 82994 3
75 84385 3
75 88063 3
75 90132 3
75 91351 3
75 103991 3
75 111223 3
75 140580 3
75 151567 3
75 160654 3
75 162267 3
75 162551 3
75 167403 3
75 169523 3
75 176736 2
75 197107 3
75 199271 3
76 3606 2
76 4380 3
76 5357 3
76 10261 3
76 14667 3
76 22429 3
76 69732 3
76 73541 3
76 75459 3
76 95917 3
76 100920 3
76 110723 3
76 118694 3
76 123442 2
76 132688 2
76 133043 3
76 150895 3
76 166450 3
76 166538 3
76 174042 3
76 177267 3
76 188218 3
77 13525 3
77 18804 3
77 19993 3
77 25510 3
77 44261 3
77 48454 3
77 54291 3
77 55544 3
77 60352 3
77 66475 3
77 69975 3
77 77703 3
77 84308 3
77 96372 3
77 97450 3
77 116214 3
77 118117 3
77 160543 3
77 170183 3
77 173711 3
77 177484 3
77 184555 3
77 184718 3
78 2567 3
78 4112 3
78 7998 2
78 9314 3
78 11978 3
78 14229 3
78 16893 2
78 19372 3
78 31652 3
78 32777 3
78 32859 3
78 37039 3
78 45052 3
78 50393 3
78 53525 3
78 88090 3
78 89179 3
78 93966 3
78 100477 2
78 101739 2
78 109496 3
78 123139 2
78 136779 3
78 137662 3
78 139135 3
78 140359 3
78 144178 3
78 150184 3
78 152978 3
78 152998 3
78 155701 2
78 159333 3
78 159662 3
78 162722 3
78 176843 3
78 179166 3
78 198730 3
78 199757 3
79 3211 3
79 6744 3
79 16046 3
79 22708 3
79 25300 3
79 25348 3
79 30881 3
79 39425 3
79 41804 3
79 58674 3
79 78442 3
79 94227 3
79 110310 3
79 113022 3
79 121182 3
79 150443 3
79 159992 2
79 167616 3
79 175261 3
79 182951 3
80 14703 3
80 29156 3
80 30038 3
80 43432 3
80 47846 2
80 51115 3
80 62285 2
80 63750 3
80 67126 2
80 92608 3
80 100458 3
80 117207 3
80 128644 3
80 143321 3
80 145864 3
80 149619 3
80 152136 3
80 154201 3
80 158100 3
80 168630 3
80 169782 3
80 178896 3
80 191731 2
80 191888 3
81 468 3
81 6954 3
81 20954 3
81 21781 3
81 29575 3
81 38007 2
81 41186 2
81 41431 2
81 47791 3
81 51323 3
81 52921 2
81 53532 3
81 57921 3
81 65965 3
81 71102 3
81 71243 3
81 73560 3
81 73638 3
81 87376 3
81 94379 3
81 106182 3
81 110995 3
81 116378 3
81 118107 3
81 120193 3
81 129443 3
81 144039 3
81 144064 3
81 148112 3
81 154345 3
81 156692 3
81 163806 3
81 171185 3
81 171845 3
81 172570 3
81 188880 3
81 195324 3
82 695 3
82 1798 3
82 7879 2
82 14134 3
82 16112 3
82 28987 2
82 34720 3
82 38143 3
82 45368 3
82 68868 3
82 69984 3
82 72179 2
82 74612 3
82 88879 3
82 94013 3
82 95631 3
82 96415 2
82 96967 3
82 110960 3
82 113332 3
82 135415 3
82 137948 3
82 138794 3
82 141663 3
82 148641 3
82 161589 2
82 168489 3
82 169027 3
82 172972 2
82 174452 3
82 179572 3
82 185219 3
82 185610 3
82 186965 3
82 188972 3
82 197875 3
82 199830 3
83 7433 3
83 10567 3
83 16880 3
83 18623 3
83 25728 3
83 26305 3
83 33665 3
83 33672 3
83 36897 3
83 49908 3
83 60333 3
83 61389 3
83 69030 2
83 71196 3
83 81916 3
83 85422 3
83 92834 3
83 100952 3
83 103760 3
83 109096 3
83 113068 3
83 119794 3
83 120719 3
83 121380 3
83 134618 3
83 135065 3
83 144558 3
83 162176 3
83 166250 3
83 167575 3
83 167624 3
83 177071 2
83 184765 3
83 185892 3
83 193568 3
83 199583 3
84 7844 3
84 23357 2
84 26961 3
84 27055 3
84 60158 3
84 67281 3
84 75114 3
84 99412 3
84 102554 3
84 104480 3
84 113323 3
84 120750 2
84 122930 3
84 123467 3
84 135757 3
84 139285 3
84 145431 3
84 145689 2
84 149927 2
84 151593 3
84 156098 3
84 168995 3
84 174021 3
84 190829 3
84 194194 3
85 5702 3
85 7845 3
85 9366 3
85 13181 3
85 24260 3
85 32895 3
85 62624 3
85 78193 3
85 79283 3
85 80713 3
85 140078 3
85 146878 3
85 159008 3
85 164714 3
85 175272 3
85 178847 3
85 180157 3
85 189184 3
85 193275 3
85 195059 3
85 196455 3
85 199185 2
86 13052 3
86 14367 3
86 22781 3
86 30440 3
86 31571 3
86 36494 3
86 40432 3
86 45666 3
86 47826 3
86 53077 3
86 53457 3
86 64655 3
86 74761 3
86 77561 3
86 83492 3
86 84597 3
86 84884 3
86 98726 3
86 113965 3
86 125041 3
86 127670 3
86 139904 3
86 151173 3
86 151544 3
86 175716 3
86 177089 3
86 193796 3
87 9657 3
87 19641 3
87 20512 3
87 21917 3
87 22863 3
87 33830 3
87 45685 3
87 49433 3
87 49972 3
87 52203 3
87 52549 2
87 66461 3
87 70334 3
87 70980 3
87 71438 2
87 71469 3
87 75232 2
87 78872 3
87 102204 2
87 103058 3
87 103927 3
87 109037 3
87 115579 3
87 118501 3
87 120892 3
87 123350 3
87 125851 2
87 131002 3
87 155061 3
87 155907 3
87 158303 3
87 161414 2
87 162685 3
87 165590 3
87 166693 3
87 172558 3
87 184072 3
87 189626 3
87 193140 3
88 2807 3
88 8795 3
88 12651 3
88 17031 3
88 36656 3
88 37392 3
88 62184 3
88 63237 2
88 64004 3
88 71585 3
88 83245 3
88 86249 2
88 94504 2
88 105024 3
88 111743 3
88 120805 3
88 134609 2
88 138053 3
88 140369 2
88 174509 3
88 186694 3
88 198024 3
88 199046 3
89 13245 3
89 13366 3
89 13796 2
89 20551 2
89 27571 3
89 42735 2
89 43004 3
89 43076 2
89 48468 3
89 51981 3
89 60026 3
89 63795 3
89 81528 3
89 86728 3
89 98988 3
89 100288 3
89 101246 3
89 116979 3
89 117800 2
89 119111 3
89 120477 3
89 128784 3
89 146093 3
89 146931 2
89 148416 3
89 150941 3
89 158745 3
89 163228 3
89 177859 3
89 183656 3
89 196289 2
90 3746 3
90 18527 3
90 19031 3
90 31388 3
90 32553 3
90 37163 3
90 41626 3
90 52884 3
90 68450 3
90 68454 3
90 73925 3
90 81385 3
90 83109 3
90 97147 3
90 101402 3
90 114404 3
90 117743 3
90 118746 3
90 142325 3
90 152842 3
90 153241 2
90 156274 3
90 156958 3
90 162965 2
90 163862 3
90 164443 3
90 164668 2
90 169597 3
90 171601 3
90 171692 3
90 181299 2
90 190194 3
90 193543 3
90 199730 2
91 484 3
91 23475 3
91 29601 3
91 33459 3
91 33558 3
91 35172 3
91 41691 3
91 45108 3
91 52808 3
91 53762 3
91 57917 3
91 83397 3
91 85966 3
91 86622 3
91 91648 3
91 96497 3
91 112707 3
91 113010 3
91 115021 3
91 118484 3
91 123097 3
91 128404 3
91 136008 3
91 136440 2
91 136453 3
91 153776 3
91 158032 3
91 160272 3
91 164280 3
91 166010 2
91 168421 2
91 179248 3
91 179505 1
91 183193 2
91 183718 3
91 183957 3
91 188231 2
91 194972 3
92 5226 3
92 9166 3
92 12157 3
92 29583 3
92 29775 3
92 42320 3
92 43825 3
92 44259 3
92 45860 3
92 48025 2
92 55144 2
92 57599 3
92 70115 3
92 71922 3
92 82690 3
92 86643 3
92 87678 3
92 92241 3
92 93518 3
92 97233 3
92 100019 3
92 101616 2
92 107760 3
92 124087 3
92 125103 3
92 140165 3
92 140392 3
92 145764 2
92 147263 3
92 156975 3
92 159393 3
92 165586 3
92 179535 3
93 1945 3
93 19853 3
93 20637 2
93 52780 3
93 56996 3
93 65221 3
93 74536 3
93 76230 3
93 77541 3
93 84178 3
93 88887 3
93 94405 3
93 125369 3
93 127591 3
93 130204 3
93 133586 3
93 136108 3
93 137447 3
93 141977 1
93 148622 3
93 154389 3
93 160167 3
93 164545 3
93 165762 3
93 170337 3
93 175865 3
93 185626 3
93 187467 3
93 196001 3
93 197166 3
94 19788 3
94 29906 3
94 34009 3
94 39678 3
94 47416 3
94 49941 3
94 51012 2
94 58037 3
94 61237 3
94 82223 3
94 88718 3
94 93550 3
94 94466 3
94 103655 2
94 108623 3
94 116810 3
94 116854 3
94 117681 3
94 119940 2
94 121711 3
94 146907 3
94 151703 3
94 164469 3
94 176193 3
94 176735 3
94 194668 3
94 194851 2
95 16161 2
95 44956 3
95 61580 3
95 74715 2
95 81533 3
95 82344 2
95 98211 3
95 104268 3
95 108032 3
95 108069 3
95 109637 3
95 113916 3
95 133515 3
95 136202 2
95 137934 3
95 137961 3
95 156929 3
95 174460 2
95 177864 2
95 185195 3
95 186659 3
95 192479 3
96 9775 2
96 10202 3
96 12114 3
96 28246 3
96 32477 3
96 43390 3
96 65672 3
96 68534 3
96 72786 2
96 76187 3
96 77230 3
96 89938 3
96 109724 3
96 110111 3
96 111415 3
96 111882 3
96 114868 2
96 115088 3
96 116219 3
96 129393 3
96 138275 2
96 148990 3
96 151067 3
96 152866 2
96 159508 3
96 165732 3
96 167602 3
96 177255 3
96 191123 3
97 28229 2
97 44553 3
97 51670 3
97 58653 3
97 63265 3
97 77148 3
97 78577 3
97 90924 3
97 103755 3
97 108567 3
97 119694 3
97 146208 3
97 150144 3
97 155341 2
97 163528 3
97 175367 3
97 176166 3
97 176265 3
97 196297 3
97 197454 2
97 198320 3
97 199469 3
98 5790 3
98 12411 3
98 16906 3
98 21581 3
98 35656 3
98 40816 3
98 46097 3
98 47892 3
98 48077 3
98 63494 3
98 67963 3
98 85739 3
98 91986 3
98 127500 3
98 128955 3
98 131404 3
98 131927 3
98 133666 3
98 135663 3
98 140580 2
98 149753 3
98 152377 3
98 174331 3
98 176230 3
98 187034 3
98 187624 3
99 12784 3
99 16558 3
99 27856 3
99 28329 2
99 35585 3
99 37631 3
99 39664 3
99 46892 3
99 47447 3
99 74117 3
99 74739 3
99 79524 3
99 95837 3
99 102394 3
99 105343 3
99 112711 2
99 116519 3
99 122486 3
99 143073 3
99 153328 3
99 161104 3
99 162780 3
99 167553 3
99 169663 3
99 172532 3
99 184168 3
99 195337 3
